0.000258
0.000023
0.000189
0.000023
0.000194
0.000023
0.000202
0.000023
0.000210
0.000024
0.000261
0.000024
0.000289
0.000023
0.000298
0.000023
0.000424
0.000024
0.000293
0.000031
0.000875
0.000024
0.000380
0.000023
0.000430
0.000024
0.001160
0.000027
0.000360
0.000029
0.000979
0.000024
0.000548
0.000028
0.000701
0.000024
0.000698
0.000023
0.000595
0.000026
0.003867
0.003712
0.003935
0.003759
0.004007
0.004019
0.004015
0.004033
0.003855
0.003573
0.004449
0.003950
0.004136
0.003787
0.004393
0.003759
0.003942
0.003630
0.004677
0.005293
0.005204
0.003980
0.004037
0.003773
0.004269
0.003746
0.004176
0.004094
0.004216
0.003963
0.004075
0.003772
0.004566
0.003675
0.004194
0.004493
0.004884
0.003668
0.004023
0.003709
5.621237
4.650670
4.890868
5.309490
4.844843
4.654158
4.704623
4.140010
3.652118
3.743116
4.601616
4.161417
5.834584
3.726541
3.731238
3.670540
3.751493
3.653176
3.836715
3.903114
8.827544
4.710705
5.083098
4.047555
4.005934
4.549391
5.056853
3.857355
3.648255
3.669218
3.841116
3.627494
3.785479
3.595727
3.936798
3.617804
4.579093
3.609361
4.234762
3.656018
