1 3.875000
2 2.833333
3 2.500000
4 4.500000
5 3.500000
7 3.857143
8 3.750000
9 4.000000
10 4.000000
11 3.833333
12 4.166667
13 3.571429
14 3.750000
15 3.777778
16 4.000000
17 3.400000
19 4.000000
20 4.400000
21 3.000000
22 4.125000
23 4.166667
24 4.000000
25 4.000000
26 3.750000
27 1.333333
28 4.000000
29 3.000000
31 4.500000
32 4.000000
33 4.000000
36 3.000000
38 3.000000
39 3.500000
40 3.000000
41 3.000000
42 5.000000
43 4.000000
44 3.000000
47 3.666667
48 3.600000
49 3.000000
50 4.461538
51 2.500000
52 5.000000
53 4.000000
54 3.250000
55 3.600000
56 4.200000
57 4.333333
58 4.000000
59 3.833333
60 5.000000
61 4.000000
62 2.666667
64 5.000000
65 3.000000
66 3.333333
68 3.125000
69 3.375000
70 4.000000
71 3.500000
72 4.000000
73 3.333333
76 5.000000
77 3.500000
78 3.000000
79 4.000000
80 3.250000
81 3.800000
82 3.800000
83 4.000000
85 5.000000
86 3.800000
87 3.750000
88 4.000000
89 3.875000
91 3.500000
92 5.000000
93 4.000000
94 2.250000
95 4.250000
96 4.300000
97 4.000000
98 4.214286
99 4.333333
100 4.285714
101 5.000000
102 3.500000
105 4.000000
106 2.500000
107 3.000000
109 3.750000
110 3.000000
111 3.200000
112 2.000000
113 5.000000
114 4.000000
115 3.000000
116 5.000000
117 3.266667
118 3.000000
120 3.000000
121 3.800000
122 2.000000
123 4.000000
124 3.000000
125 4.000000
126 4.500000
127 3.857143
128 3.333333
129 4.000000
131 3.500000
132 4.142857
133 4.000000
134 4.285714
135 3.800000
136 4.000000
137 3.800000
138 2.500000
139 2.000000
140 2.000000
141 3.000000
142 3.000000
143 4.250000
144 4.375000
145 1.000000
146 1.000000
147 3.333333
148 2.571429
150 4.666667
151 4.000000
152 3.000000
153 3.666667
154 4.250000
155 2.333333
156 4.000000
157 4.000000
160 3.800000
161 3.600000
162 4.000000
163 4.250000
164 4.000000
165 4.000000
166 3.000000
168 3.500000
169 4.750000
171 4.000000
172 4.000000
173 4.500000
174 4.000000
175 4.000000
176 4.111111
177 4.142857
178 4.428571
179 2.000000
180 3.600000
181 4.416667
182 3.714286
183 3.500000
184 3.000000
185 4.000000
186 3.750000
187 4.428571
188 3.800000
189 3.500000
190 4.500000
191 4.000000
192 3.000000
193 4.000000
194 4.200000
195 4.400000
196 3.888889
197 4.714286
198 3.500000
199 4.000000
200 4.333333
201 4.000000
202 4.200000
203 3.800000
204 3.750000
205 4.000000
206 3.000000
207 3.500000
208 3.545455
209 4.250000
210 4.666667
211 4.500000
212 1.500000
213 4.500000
214 2.000000
215 3.500000
216 4.000000
217 2.750000
218 4.142857
219 3.250000
220 3.250000
221 3.500000
222 4.090909
223 3.666667
225 2.000000
226 3.500000
227 3.800000
228 3.666667
229 3.800000
230 4.333333
231 3.000000
232 2.000000
233 3.000000
234 3.555556
235 2.444444
237 4.000000
238 4.000000
239 3.000000
240 2.200000
241 3.400000
242 3.600000
243 2.000000
245 2.777778
246 3.666667
248 4.000000
249 2.500000
250 2.666667
251 4.500000
252 2.000000
253 5.000000
254 2.500000
255 3.500000
256 5.000000
257 2.800000
258 4.058824
259 2.400000
260 3.000000
263 3.000000
264 2.200000
265 3.375000
266 1.000000
268 4.166667
269 4.000000
270 4.000000
271 4.333333
272 4.500000
273 4.000000
274 3.666667
275 3.333333
276 3.000000
277 3.666667
278 3.000000
279 3.000000
280 3.500000
281 4.000000
282 2.800000
283 4.000000
284 3.000000
285 4.500000
286 3.400000
287 3.500000
288 3.000000
289 3.000000
290 3.500000
291 3.333333
292 4.333333
293 3.250000
294 3.166667
295 4.000000
298 4.000000
299 2.000000
300 3.666667
301 2.600000
302 3.818182
303 3.714286
304 3.625000
305 3.000000
306 1.000000
307 4.000000
308 3.000000
309 3.000000
310 2.750000
312 4.000000
313 4.714286
315 4.500000
316 4.000000
317 4.200000
318 4.400000
319 2.500000
321 3.500000
322 3.000000
323 2.545455
324 4.000000
325 1.666667
327 3.571429
328 3.800000
331 3.000000
332 3.333333
333 3.333333
334 2.666667
335 2.500000
337 1.000000
338 3.333333
339 3.000000
340 4.500000
343 2.750000
344 3.000000
345 5.000000
346 3.166667
347 3.750000
350 3.000000
354 2.000000
355 3.000000
356 4.000000
357 4.125000
358 1.500000
360 4.000000
363 3.000000
364 3.000000
365 5.000000
366 4.000000
367 3.000000
368 1.000000
369 2.000000
370 1.000000
371 1.000000
372 4.666667
375 4.000000
376 2.666667
377 1.500000
378 4.200000
379 3.000000
380 2.000000
381 4.000000
382 3.833333
384 4.000000
385 3.857143
386 2.600000
387 3.666667
392 3.666667
393 3.800000
395 2.000000
396 3.000000
397 1.000000
399 3.500000
400 1.000000
401 3.000000
402 3.833333
403 3.750000
404 3.666667
405 3.142857
406 2.000000
407 3.500000
408 3.666667
409 3.000000
410 3.500000
411 3.000000
412 2.000000
413 3.000000
414 2.000000
416 4.000000
417 4.000000
418 3.333333
419 4.166667
420 3.000000
421 4.000000
422 2.000000
423 4.000000
424 1.000000
425 4.000000
426 3.000000
427 3.909091
428 4.500000
429 4.500000
430 3.833333
431 3.500000
432 3.500000
433 3.666667
434 3.500000
435 4.600000
436 3.250000
439 1.000000
440 1.000000
441 2.000000
443 3.750000
444 2.000000
447 4.500000
448 3.166667
449 4.250000
450 3.000000
451 3.250000
452 4.000000
454 1.000000
455 3.000000
457 1.000000
458 4.000000
460 2.000000
461 3.000000
462 4.000000
463 4.000000
465 5.000000
466 3.666667
467 4.000000
468 3.000000
469 5.000000
470 4.333333
471 3.777778
472 2.400000
473 3.000000
474 4.333333
475 3.833333
476 2.000000
477 3.000000
478 3.875000
479 4.000000
480 4.250000
481 5.000000
482 4.250000
483 5.000000
484 4.600000
485 3.750000
486 3.750000
487 4.166667
488 5.000000
491 4.500000
492 5.000000
493 3.000000
494 5.000000
496 3.800000
497 4.000000
498 3.500000
499 4.500000
500 4.000000
501 3.000000
503 4.000000
504 4.400000
505 3.000000
506 4.250000
507 4.166667
508 3.666667
509 3.500000
510 4.285714
511 4.000000
512 4.000000
513 5.000000
514 4.000000
515 3.888889
516 4.500000
517 4.000000
518 4.333333
519 5.000000
520 4.250000
522 4.000000
523 4.750000
524 3.000000
525 4.666667
526 3.666667
527 3.833333
528 4.500000
529 4.500000
530 4.000000
531 3.750000
535 4.000000
538 4.000000
539 2.500000
540 2.333333
541 3.333333
542 3.000000
543 3.000000
546 2.666667
547 4.500000
550 3.250000
552 2.000000
553 3.000000
554 3.000000
556 2.500000
558 4.333333
559 3.000000
561 1.500000
564 2.000000
566 3.666667
568 3.400000
569 3.000000
570 4.000000
571 2.000000
572 2.500000
573 3.000000
575 3.000000
576 4.500000
577 3.000000
578 2.666667
580 3.750000
581 4.000000
582 3.500000
583 3.500000
584 3.666667
585 4.000000
586 4.000000
587 3.000000
588 4.125000
589 3.666667
591 3.333333
593 2.000000
594 3.000000
595 4.000000
596 3.200000
597 3.333333
602 4.500000
603 4.800000
604 4.000000
605 3.000000
607 4.500000
609 4.000000
611 5.000000
612 3.000000
615 4.000000
616 5.000000
617 3.000000
619 3.500000
620 3.000000
622 3.666667
623 3.500000
624 3.000000
625 3.400000
626 4.000000
627 4.500000
628 4.000000
630 3.000000
631 4.000000
632 3.000000
634 3.000000
638 3.000000
640 3.750000
641 4.333333
642 4.000000
643 4.000000
644 3.666667
645 5.000000
647 4.000000
648 4.000000
649 3.666667
650 3.000000
651 5.000000
652 4.500000
654 4.000000
655 4.000000
656 1.000000
657 4.250000
658 2.666667
659 4.000000
660 4.000000
661 4.800000
662 3.600000
663 3.500000
664 5.000000
665 2.750000
670 3.500000
671 3.000000
673 4.000000
674 2.000000
676 3.400000
678 2.333333
679 3.500000
680 3.500000
681 3.000000
682 2.750000
683 3.000000
684 4.000000
685 3.714286
686 4.000000
687 2.500000
688 1.000000
690 3.333333
692 4.000000
693 3.500000
694 3.000000
695 1.000000
696 2.000000
697 4.000000
699 3.500000
702 3.000000
703 4.000000
704 5.000000
705 3.857143
707 4.500000
708 3.666667
709 3.600000
710 3.000000
712 3.500000
714 3.000000
715 4.000000
716 3.833333
717 2.000000
718 5.000000
719 3.000000
720 1.000000
721 4.000000
723 4.500000
724 3.000000
725 3.500000
727 3.000000
728 2.000000
729 3.000000
731 3.400000
732 3.750000
733 4.000000
735 5.000000
736 4.666667
737 2.500000
738 2.000000
739 2.666667
740 3.750000
741 3.800000
742 3.500000
743 1.500000
744 4.000000
745 3.000000
746 3.571429
747 3.000000
748 3.333333
749 3.333333
750 3.750000
751 3.428571
754 3.000000
755 3.500000
756 2.142857
758 1.500000
760 2.000000
761 4.500000
762 3.200000
763 3.000000
764 2.000000
766 4.000000
767 4.000000
768 2.000000
769 3.000000
770 4.000000
771 2.000000
772 4.000000
773 3.000000
774 5.000000
775 2.000000
776 4.000000
778 4.285714
779 1.000000
780 2.000000
781 4.000000
782 1.000000
785 3.000000
786 3.000000
787 2.000000
789 4.000000
790 2.857143
792 4.000000
793 4.000000
794 3.333333
796 2.500000
797 3.500000
806 3.500000
807 1.000000
808 2.000000
809 4.000000
810 2.000000
812 2.000000
813 4.000000
815 3.666667
816 1.000000
819 3.000000
820 2.500000
821 3.000000
823 3.750000
824 2.000000
825 1.500000
826 2.000000
829 3.000000
831 2.333333
832 3.000000
833 3.000000
835 4.333333
836 2.000000
840 4.000000
842 2.000000
845 3.375000
846 3.000000
847 3.500000
848 4.000000
849 2.500000
853 4.000000
855 3.500000
856 2.000000
858 1.000000
859 3.000000
860 2.000000
863 3.000000
864 3.200000
866 4.500000
868 5.000000
869 3.000000
870 2.000000
871 3.000000
872 2.000000
873 1.600000
874 1.000000
875 4.500000
877 1.000000
878 2.000000
879 3.333333
882 3.000000
883 4.500000
884 5.000000
886 2.000000
890 1.000000
892 3.000000
895 3.000000
898 4.000000
900 3.000000
901 1.000000
902 2.000000
903 2.000000
904 5.000000
905 3.000000
906 2.666667
908 1.000000
909 1.000000
919 3.666667
920 2.000000
921 5.000000
922 4.000000
923 4.666667
924 3.000000
925 3.000000
926 4.000000
927 1.000000
928 2.000000
929 3.333333
930 2.333333
931 2.500000
932 3.000000
937 4.500000
938 1.000000
939 4.000000
941 4.000000
942 3.000000
943 4.000000
944 2.000000
945 4.000000
946 4.500000
948 2.000000
949 3.250000
950 3.000000
951 3.000000
953 2.000000
955 3.500000
957 3.000000
959 3.333333
960 2.333333
961 5.000000
963 5.000000
964 4.000000
965 4.000000
969 5.000000
971 3.000000
972 4.000000
974 1.500000
975 3.000000
977 2.666667
979 2.000000
980 3.000000
982 3.000000
983 2.500000
984 1.500000
990 5.000000
991 3.000000
995 2.333333
997 2.000000
1001 1.000000
1003 2.000000
1005 3.000000
1006 2.000000
1007 5.000000
1008 2.500000
1010 2.200000
1011 3.500000
1012 4.000000
1014 4.250000
1015 2.000000
1016 3.625000
1017 3.000000
1018 3.000000
1019 4.000000
1021 5.000000
1022 4.500000
1023 1.000000
1028 3.500000
1033 4.000000
1034 1.000000
1035 3.000000
1036 4.000000
1037 2.500000
1039 4.000000
1041 2.000000
1042 4.000000
1044 4.000000
1046 3.500000
1047 3.166667
1048 2.500000
1049 1.500000
1052 1.000000
1054 1.000000
1057 4.000000
1058 4.000000
1059 4.000000
1060 3.333333
1061 4.000000
1063 3.000000
1065 2.000000
1067 3.666667
1070 4.000000
1073 4.000000
1074 3.500000
1078 4.000000
1079 2.333333
1081 2.000000
1085 5.000000
1086 4.000000
1089 1.500000
1091 2.000000
1094 1.000000
1095 2.500000
1098 4.000000
1099 3.750000
1100 4.000000
1101 5.000000
1107 4.000000
1109 4.000000
1110 3.000000
1114 5.000000
1115 3.000000
1116 3.000000
1119 3.000000
1120 4.000000
1127 2.000000
1129 4.000000
1133 3.000000
1134 2.000000
1135 2.000000
1136 1.000000
1137 5.000000
1139 3.000000
1142 4.200000
1143 3.000000
1147 4.000000
1150 3.000000
1151 2.000000
1153 5.000000
1157 2.000000
1160 3.333333
1161 2.000000
1162 3.000000
1164 3.000000
1165 1.000000
1170 2.000000
1176 3.000000
1178 4.000000
1179 2.000000
1181 4.000000
1182 3.000000
1184 1.500000
1186 4.000000
1194 4.000000
1197 3.500000
1198 5.000000
1199 2.000000
1203 5.000000
1206 4.000000
1207 2.000000
1208 3.000000
1209 1.000000
1211 2.000000
1216 2.500000
1217 3.333333
1218 3.000000
1219 2.000000
1220 3.000000
1222 3.000000
1224 3.000000
1225 3.000000
1226 4.000000
1228 2.500000
1229 2.000000
1230 1.000000
1240 1.000000
1244 3.000000
1245 4.000000
1246 2.500000
1248 3.000000
1249 2.000000
1250 2.000000
1255 1.000000
1260 2.000000
1263 2.000000
1264 3.000000
1267 3.000000
1277 4.000000
1278 3.000000
1280 3.000000
1281 3.500000
1284 4.000000
1285 3.000000
1286 3.500000
1288 1.000000
1289 2.000000
1295 1.000000
1296 4.000000
1298 4.000000
1315 3.000000
1316 5.000000
1327 1.000000
1332 1.000000
1334 1.000000
1336 1.000000
1342 1.000000
1346 3.000000
1348 1.000000
1350 2.000000
1376 4.000000
1383 1.000000
1392 3.000000
1393 2.000000
1397 4.000000
1419 1.000000
1428 3.000000
1436 3.000000
1440 3.000000
1444 2.333333
1451 3.500000
1462 3.000000
1466 3.000000
1497 2.000000
1518 3.500000
1531 3.000000
1555 3.000000
1558 5.000000
1639 4.000000
1650 4.000000
